Public parameter:
r =  2
p =  20
n =  22
l =  10
Q_p^n =  
[3 2 1 1 1 1 1 1 1 1 1 1 1 1 1 1 1 1 1 1 1]
[1 1 1 0 0 0 0 0 0 0 0 0 0 0 0 0 0 0 0 0 0]
[1 1 1 1 0 0 0 0 0 0 0 0 0 0 0 0 0 0 0 0 0]
[1 1 1 1 1 0 0 0 0 0 0 0 0 0 0 0 0 0 0 0 0]
[1 1 1 1 1 1 0 0 0 0 0 0 0 0 0 0 0 0 0 0 0]
[1 1 1 1 1 1 1 0 0 0 0 0 0 0 0 0 0 0 0 0 0]
[1 1 1 1 1 1 1 1 0 0 0 0 0 0 0 0 0 0 0 0 0]
[1 1 1 1 1 1 1 1 1 0 0 0 0 0 0 0 0 0 0 0 0]
[1 1 1 1 1 1 1 1 1 1 0 0 0 0 0 0 0 0 0 0 0]
[1 1 1 1 1 1 1 1 1 1 1 0 0 0 0 0 0 0 0 0 0]
[1 1 1 1 1 1 1 1 1 1 1 1 0 0 0 0 0 0 0 0 0]
[1 1 1 1 1 1 1 1 1 1 1 1 1 0 0 0 0 0 0 0 0]
[1 1 1 1 1 1 1 1 1 1 1 1 1 1 0 0 0 0 0 0 0]
[1 1 1 1 1 1 1 1 1 1 1 1 1 1 1 0 0 0 0 0 0]
[1 1 1 1 1 1 1 1 1 1 1 1 1 1 1 1 0 0 0 0 0]
[1 1 1 1 1 1 1 1 1 1 1 1 1 1 1 1 1 0 0 0 0]
[1 1 1 1 1 1 1 1 1 1 1 1 1 1 1 1 1 1 0 0 0]
[1 1 1 1 1 1 1 1 1 1 1 1 1 1 1 1 1 1 1 0 0]
[1 1 1 1 1 1 1 1 1 1 1 1 1 1 1 1 1 1 1 1 0]
[1 1 1 1 1 1 1 1 1 1 1 1 1 1 1 1 1 1 1 1 1]
[2 1 1 1 1 1 1 1 1 1 1 1 1 1 1 1 1 1 1 1 1]

Private key:
M =  
[3 1 3 3 3 2 3 3 1 3 1 1 3 3 2 3 1 1 2 2 1]
[2 1 1 1 3 2 2 3 1 2 1 1 3 3 1 2 3 3 1 1 1]
[3 2 2 3 3 3 2 3 2 2 3 3 2 2 3 3 1 1 3 2 2]
[3 3 3 1 3 1 2 3 2 3 2 3 1 1 3 2 1 1 3 2 3]
[2 3 1 3 1 1 2 3 1 1 3 3 2 1 1 3 1 2 3 3 1]
[3 1 1 1 1 3 3 1 1 2 3 1 1 1 1 2 1 3 1 1 2]
[2 3 1 2 2 2 2 3 2 3 3 2 2 3 1 1 1 2 2 3 2]
[3 2 3 3 1 2 1 2 1 2 1 3 3 2 2 2 1 2 3 3 2]
[3 3 2 2 2 2 3 3 2 1 1 2 1 3 3 3 2 1 3 3 2]
[1 3 3 1 1 1 3 1 2 2 2 2 3 1 1 3 3 1 3 2 2]
[2 2 3 1 3 1 1 2 3 3 2 2 2 2 3 3 2 2 1 2 2]
[3 1 1 2 3 1 3 2 1 3 3 1 1 1 3 2 3 3 3 1 2]
[3 1 1 1 1 1 2 3 1 3 3 1 1 1 2 1 2 3 3 3 3]
[3 1 2 2 3 1 3 1 3 3 3 2 3 3 1 2 2 1 1 3 3]
[3 3 3 3 2 3 3 2 1 2 2 2 2 1 1 1 3 3 3 3 1]
[2 3 2 2 1 1 3 1 3 2 2 2 2 2 1 3 2 1 2 1 2]
[3 1 1 3 2 3 3 2 2 2 1 1 1 2 1 3 2 2 2 1 2]
[1 2 1 3 1 2 3 3 1 3 2 3 3 2 3 1 3 3 2 1 3]
[2 2 2 1 3 1 3 1 1 3 1 3 1 1 1 3 1 1 1 1 1]
[2 1 1 1 2 2 3 1 3 1 1 2 1 3 3 3 1 3 2 3 2]
[3 2 3 3 3 3 1 2 3 1 3 1 3 1 2 3 2 2 2 2 2]
E =  
[ 345   62  476  839  200  287   12  204  615  221  513  267  638  214  926   39  127  123   10  656  603]
[ 120  739  799  274  603   32   21  874  559  832  -17  859  555  221  940  580  315  485  231  953  223]
[ 596  -52  939  888  663  760  670  375  669  891   93  222  647  133  674  468  143  507  620  911  216]
[ 903  103  208  664  576   42  257  843  202  374  756   67  749   27  822  815  753  157  136  240  794]
[ -26  401  229  185  887  114  906  363  545  463  968   10  791  380  358  351  897  476 1011  386  257]
[ 552   42  767   26  883  702  983   69  491  574   14  441  340  106  488  248  976  470  956  553  423]
[ 380  356   22  359    5   91  490  214  443  977  975  466  174  121  948  792  245  886  905  421  807]
[ 816  759   33  845   85  447  122  909   67  138   46  661  104  179   68  215  380  343  897  323  412]
[ 309  875  -43  494  655   53  347  368  579  296  468  988   37  301  544  502  605  953  697  402   78]
[ 803  231  410  889  636  511  897  245  245  496  385  541  277  928  737  750  360  943  911  312  707]
[ 462  924  954  743  538  666   51  254  682  277  143  240  670  566  696  799   94  270   25  220  943]
[ 714  358  816  330  667  909  379  753  676  766  183  764  814  337  616  384  171  696  922  248   56]
[ 321   60  691  800  156  640  924  850   -6  553  651  182  343  431  520  109  826  573  416  222  841]
[ 577  815  737  632  530  369  392  898  403  382  347   58  161  209  529   80  548  784  358  566  661]
[ 723  956   -3  359  265  132  423  326  704  796  928  636  695   43  266 1000  900  825  585  493  946]
[ 125  524   99  664   61  868  679  -14  830  979  481  407  857  568  885  475  383  431  684  459  233]
[ 205  740  379  962  221  852  658  620  877  995  836  257  599  454  742  522  241  824  514  106  708]
[  39  406  850   63  185  588  420  962  168  241  143  388  439   99  938  392  783  596  824  444  467]
[ 697  343  600  103  203  653  824  330  957  404  402  719  692  541  390  282  503  938  641    7  917]
[ 178  596  -29  572  211  128  653  920   13  592  956  338  424  509  831  451  188  463  993  688  993]
[   3   -4  399  819  497  852  647  588  986    0  -20  204  919  310  395  331  316   20  755  681  360]

Public key:
R =  
[ 397  110  521  883  241  325   47  237  645  248  539  290  660  235  944   54  140  133   19  664  609]
[ 163  779  837  311  639   67   53  904  587  857    7  881  576  241  957  594  328  496  239  958  227]
[ 654    1  989  936  709  803  710  412  704  923  123  250  672  155  694  486  158  519  631  921  223]
[ 958  152  254  707  616   81  293  878  235  404  784   92  772   47  841  833  768  170  148  251  802]
[  20  444  270  223  924  148  939  395  575  490  994   35  813  399  375  367  912  488 1022  395  263]
[ 594   79  801   59  915  733 1013   96  515  597   36  461  357  122  503  262  989  481  966  560  429]
[ 430  402   66  400   45  129  526  248  475 1006 1002  490  195  140  965  806  258  898  916  430  814]
[ 868  806   77  887  124  483  157  942   99  168   75  688  130  202   88  233  396  357  910  334  420]
[ 364  925    4  538  697   93  385  404  612  326  496 1015   63  325  567  522  622  967  709  413   86]
[ 848  273  451  927  671  545  930  277  274  524  411  565  299  948  754  766  375  955  920  320  712]
[ 512  970  998  785  577  704   86  288  715  308  171  265  693  587  715  816  108  281   34  227  949]
[ 765  404  859  372  708  948  415  788  708  796  212  790  837  359  637  404  188  711  934  257   62]
[ 370  103  731  839  194  677  960  885   27  583  680  208  366  453  541  129  844  590  431  234  850]
[ 632  864  783  677  573  410  430  935  437  415  377   85  185  231  548   96  563  797  369  576  670]
[ 777 1006   44  403  306  170  459  359  734  824  955  661  718   64  285 1018  917  841  598  503  953]
[ 171  566  139  701   96  901  711   17  858 1006  505  429  877  586  901  489  396  441  692  466  238]
[ 253  783  419 1001  259  887  691  650  904 1020  859  278  619  473  760  538  256  836  524  114  714]
[  90  453  896  107  228  628  459  999  202  272  173  415  464  121  957  409  797  609  834  451  472]
[ 736  379  634  135  233  682  850  355  979  425  422  736  708  554  402  293  513  945  647   12  921]
[ 225  639   12  612  250  166  689  954   44  622  983  364  449  532  853  470  204  476 1005  697 1000]
[  58   46  446  864  539  891  683  621 1018   30    7  230  942  332  414  349  332   33  766  690  367]
det(M) =  1718133223

Commitment:
3ECB5A7C6B4AF287B280249C392E3CD0B47BDCEC597A1CCF4F6E3AB4618190D3 9D95C8E3D090047BFFA858DC5890DE0BA0D0AC60C16CE5C76B1D6491A2E1672B 
01F2AD11D979B7DBDD5492D6B8DCAB14EA44D610231EE4EA4A615D297B6DF898

Challenge:
0

Response:
[* [*
        [ 9, 4, 17, 1, 5, 19, 18, 8, 14, 21, 20, 2, 15, 3, 16, 10, 11, 7, 13, 12, 6 ],
        [ 21, 10, 11, 15, 2, 12, 19, 18, 14, 8, 6, 16, 4, 13, 17, 3, 9, 7, 20, 5, 1 ]
    *],

    [4 4 6 6 6 3 4 6 4 6 2 3 5 5 4 6 3 2 5 3 3]
    [4 3 3 4 6 4 4 6 3 4 4 3 5 6 4 4 4 6 2 4 2]
    [6 3 3 5 5 5 4 4 3 4 5 6 5 5 4 4 2 2 6 3 5]
    [4 5 6 3 5 4 5 5 5 6 3 4 4 3 4 3 2 4 5 4 6]
    [4 5 3 5 3 3 4 5 2 4 4 5 3 3 4 5 4 4 5 6 3]
    [4 4 2 3 3 4 4 2 2 3 5 4 3 4 4 4 4 6 3 4 4]
    [4 4 2 5 4 5 5 5 3 4 6 4 5 5 4 2 2 3 5 5 5]
    [5 5 5 6 3 4 3 5 4 4 2 5 5 3 4 3 3 5 5 4 5]
    [5 6 4 5 4 4 6 5 5 2 2 5 2 5 4 6 4 2 6 6 3]
    [4 5 4 3 4 2 4 3 5 5 5 3 5 4 4 5 6 2 4 5 3]
    [3 4 5 3 6 2 4 4 6 6 4 5 4 4 4 6 5 4 4 4 3]
    [6 4 2 3 4 2 4 3 4 4 5 3 2 2 5 5 6 6 6 2 3]
    [4 2 2 2 3 2 5 5 2 5 6 4 2 4 3 2 4 4 6 6 5]
    [5 2 3 3 5 2 6 3 5 6 6 5 4 4 3 5 3 2 4 4 4]
    [6 6 4 4 5 5 5 3 2 4 4 3 3 4 3 3 5 5 4 4 4]
    [5 4 5 3 3 3 6 2 5 3 3 5 4 4 2 5 4 4 5 4 3]
    [4 3 4 4 5 4 6 3 3 3 4 4 4 3 4 4 3 3 5 4 5]
    [3 5 2 5 4 5 6 6 3 4 3 6 5 5 6 2 6 5 5 2 4]
    [5 4 3 4 5 3 5 2 4 6 4 4 4 3 3 4 3 4 2 2 2]
    [4 2 4 2 4 4 5 2 5 2 4 5 2 5 4 6 4 6 4 6 3]
    [5 5 6 4 6 6 3 3 5 2 5 2 5 3 3 5 5 4 5 4 5]
*]


IDENTIFICATION SUCCESS!

Challenge:
1

Response:
[*
    [ 14  57  52  41  96  50  22  26  43  68  76  36  85  48  32  91  62  72  20  81 104]
    [ 14  57  52  35  94  46  23  25  39  67  76  32  85  43  28  90  62  71  19  79 104]
    [ 13  53  50  35  86  47  21  24  39  62  71  32  79  43  28  82  56  66  18  75  95]
    [ 10  55  51  35  94  45  17  20  40  65  74  30  86  43  26  90  61  68  15  80 101]
    [ 13  56  54  38  88  50  22  26  41  65  71  35  79  46  31  84  61  68  18  76  95]
    [  9  50  46  28  81  40  15  18  32  57  65  25  72  36  22  76  52  60  11  69  88]
    [  9  59  56  38  95  52  19  25  43  71  80  33  87  49  27  92  65  76  14  85 102]
    [ 14  57  53  37  93  49  24  27  42  65  72  34  83  47  30  88  62  69  19  78 103]
    [ 13  60  55  34  89  49  19  22  38  69  76  30  82  43  27  84  63  71  17  79  98]
    [ 14  58  53  39  96  51  23  28  44  64  76  36  86  46  33  91  61  70  19  80 106]
    [ 13  60  55  42  87  53  23  27  44  67  75  37  81  49  33  83  62  71  17  77  94]
    [ 10  55  52  36  89  48  18  22  41  65  75  30  82  44  26  85  61  69  12  79  95]
    [ 14  54  52  38  92  48  23  28  41  62  72  34  80  44  31  86  57  67  18  76 102]
    [ 14  60  57  37  95  53  22  24  42  68  78  32  86  48  28  89  64  73  20  83 106]
    [ 12  56  51  36  87  48  21  25  40  64  70  32  78  45  30  82  58  67  17  73  95]
    [ 12  60  55  37  89  50  18  24  42  67  73  33  80  45  29  85  63  69  16  76  96]
    [ 10  62  56  37  93  50  18  23  41  70  78  33  86  46  29  90  66  72  14  81  99]
    [ 14  57  54  35  91  50  22  24  40  67  76  30  83  44  26  87  62  72  19  81 100]
    [ 15  57  55  38  82  50  25  29  40  67  72  34  76  44  31  78  62  69  21  74  91]
    [ 11  59  55  41  87  51  23  29  43  66  72  39  77  46  34  81  62  68  17  75  96]
    [ 12  54  52  37  80  49  21  25  40  60  67  33  72  44  29  76  56  64  15  70  88],

    [  78  296  468  544  875  988  697  953  301  368   53  502  494   37  605  -43  579  347  402  655  309]
    [ 794  374  756  822  103   67  136  157   27  843   42  815  664  749  753  208  202  257  240  576  903]
    [ 708  995  836  742  740  257  514  824  454  620  852  522  962  599  241  379  877  658  106  221  205]
    [ 603  221  513  926   62  267   10  123  214  204  287   39  839  638  127  476  615   12  656  200  345]
    [ 257  463  968  358  401   10 1011  476  380  363  114  351  185  791  897  229  545  906  386  887  -26]
    [ 917  404  402  390  343  719  641  938  541  330  653  282  103  692  503  600  957  824    7  203  697]
    [ 467  241  143  938  406  388  824  596   99  962  588  392   63  439  783  850  168  420  444  185   39]
    [ 412  138   46   68  759  661  897  343  179  909  447  215  845  104  380   33   67  122  323   85  816]
    [ 661  382  347  529  815   58  358  784  209  898  369   80  632  161  548  737  403  392  566  530  577]
    [ 360    0  -20  395   -4  204  755   20  310  588  852  331  819  919  316  399  986  647  681  497    3]
    [ 993  592  956  831  596  338  993  463  509  920  128  451  572  424  188  -29   13  653  688  211  178]
    [ 223  832  -17  940  739  859  231  485  221  874   32  580  274  555  315  799  559   21  953  603  120]
    [ 946  796  928  266  956  636  585  825   43  326  132 1000  359  695  900   -3  704  423  493  265  723]
    [ 216  891   93  674  -52  222  620  507  133  375  760  468  888  647  143  939  669  670  911  663  596]
    [ 233  979  481  885  524  407  684  431  568  -14  868  475  664  857  383   99  830  679  459   61  125]
    [ 707  496  385  737  231  541  911  943  928  245  511  750  889  277  360  410  245  897  312  636  803]
    [ 943  277  143  696  924  240   25  270  566  254  666  799  743  670   94  954  682   51  220  538  462]
    [ 807  977  975  948  356  466  905  886  121  214   91  792  359  174  245   22  443  490  421    5  380]
    [ 841  553  651  520   60  182  416  573  431  850  640  109  800  343  826  691   -6  924  222  156  321]
    [  56  766  183  616  358  764  922  696  337  753  909  384  330  814  171  816  676  379  248  667  714]
    [ 423  574   14  488   42  441  956  470  106   69  702  248   26  340  976  767  491  983  553  883  552],

    [ 6 27 24 18 46 23 10 12 19 32 36 16 41 22 15 44 29 34  9 39 49]
    [ 6 27 24 16 45 21 11 12 19 32 37 14 42 20 13 44 29 35  8 39 49]
    [ 7 28 27 17 43 26 11 12 20 32 36 16 40 23 13 42 29 33 10 37 47]
    [ 4 28 25 17 46 22  8 10 19 32 36 15 42 21 13 45 31 33  7 39 49]
    [ 7 29 28 21 45 25 11 14 22 33 37 19 41 24 16 43 31 35  9 39 49]
    [ 5 29 26 16 45 23  9 11 19 32 36 14 40 20 12 42 30 34  6 39 49]
    [ 4 28 26 19 48 25  9 12 21 34 40 16 43 24 13 46 31 37  7 42 51]
    [ 6 27 24 17 46 22 11 13 19 32 36 16 41 21 14 44 30 34  8 39 51]
    [ 4 27 25 15 40 22  8  9 16 32 35 14 37 19 12 38 29 33  7 36 43]
    [ 7 28 26 20 46 25 12 15 22 31 37 18 41 23 17 44 29 34 10 38 51]
    [ 6 30 28 20 44 27 11 14 21 33 37 18 41 24 17 42 31 35  8 38 47]
    [ 6 30 28 19 49 26 10 11 21 35 40 16 45 23 13 47 33 37  7 43 52]
    [ 7 26 25 19 42 23 10 12 20 29 34 16 36 21 14 39 27 31  8 35 48]
    [ 7 28 27 17 42 25 11 12 20 31 35 14 38 23 13 39 29 33 10 37 48]
    [ 7 29 27 20 45 26 13 15 22 33 37 18 41 25 17 42 30 35 10 38 49]
    [ 7 32 29 20 47 26  9 12 22 35 39 17 42 23 14 44 34 36  8 41 51]
    [ 4 31 28 18 47 25  9 12 20 36 40 16 44 23 15 46 33 37  7 42 49]
    [ 7 28 27 18 45 26 11 12 21 33 38 16 42 23 13 43 30 36 10 41 50]
    [ 6 27 26 17 39 24 10 12 18 32 35 14 37 21 13 38 29 33  9 36 42]
    [ 5 29 26 20 41 25 11 14 21 31 33 19 35 23 17 38 30 32  8 34 45]
    [ 6 31 30 22 43 29 11 14 24 33 36 19 39 27 16 42 32 34  8 38 46]
*]


IDENTIFICATION SUCCESS!

Challenge:
2

Response:
[* [*
        [ 9, 4, 17, 1, 5, 19, 18, 8, 14, 21, 20, 2, 15, 3, 16, 10, 11, 7, 13, 12, 6 ],
        [ 21, 10, 11, 15, 2, 12, 19, 18, 14, 8, 6, 16, 4, 13, 17, 3, 9, 7, 20, 5, 1 ]
    *],

    [1 3 3 3 3 1 1 3 3 3 1 2 2 2 2 3 2 1 3 1 2]
    [2 2 2 3 3 2 2 3 2 2 3 2 2 3 3 2 1 3 1 3 1]
    [3 1 1 2 2 2 2 1 1 2 2 3 3 3 1 1 1 1 3 1 3]
    [1 2 3 2 2 3 3 2 3 3 1 1 3 2 1 1 1 3 2 2 3]
    [2 2 2 2 2 2 2 2 1 3 1 2 1 2 3 2 3 2 2 3 2]
    [1 3 1 2 2 1 1 1 1 1 2 3 2 3 3 2 3 3 2 3 2]
    [2 1 1 3 2 3 3 2 1 1 3 2 3 2 3 1 1 1 3 2 3]
    [2 3 2 3 2 2 2 3 3 2 1 2 2 1 2 1 2 3 2 1 3]
    [2 3 2 3 2 2 3 2 3 1 1 3 1 2 1 3 2 1 3 3 1]
    [3 2 1 2 3 1 1 2 3 3 3 1 2 3 3 2 3 1 1 3 1]
    [1 2 2 2 3 1 3 2 3 3 2 3 2 2 1 3 3 2 3 2 1]
    [3 3 1 1 1 1 1 1 3 1 2 2 1 1 2 3 3 3 3 1 1]
    [1 1 1 1 2 1 3 2 1 2 3 3 1 3 1 1 2 1 3 3 2]
    [2 1 1 1 2 1 3 2 2 3 3 3 1 1 2 3 1 1 3 1 1]
    [3 3 1 1 3 2 2 1 1 2 2 1 1 3 2 2 2 2 1 1 3]
    [3 1 3 1 2 2 3 1 2 1 1 3 2 2 1 2 2 3 3 3 1]
    [1 2 3 1 3 1 3 1 1 1 3 3 3 1 3 1 1 1 3 3 3]
    [2 3 1 2 3 3 3 3 2 1 1 3 2 3 3 1 3 2 3 1 1]
    [3 2 1 3 2 2 2 1 3 3 3 1 3 2 2 1 2 3 1 1 1]
    [2 1 3 1 2 2 2 1 2 1 3 3 1 2 1 3 3 3 2 3 1]
    [2 3 3 1 3 3 2 1 2 1 2 1 2 2 1 2 3 2 3 2 3]
*]


IDENTIFICATION SUCCESS!

FIBONACCI CODE INFORMATION


Public parameter:
r =  2
p =  20
n =  22
l =  10

l <= r + Ceiling(Log(2,p+1) + (n-1)*Log(2,alpha)) =  10

code dimension = r*(p+1)^2 =  882

code length    = l*(p+1)^2 =  4410

actual |R| =  3972

max    |R| =  4410

|Public parameters size| =  9.78135971352465960406968247621

|PK| =  4410

|SK| =  5292

Response step cost (b=0,2) =  1066.47733175670793213361974697

Response step cost (b=1)   =  13230

Security:

Log(2,2^((p+1)^2)) =  441.000000000000000000000000000

Log(2,Factorial(p+1)^2) =  130.939402687369963331069194600